45.029095
454.65363
40.008022
113.1116
215.93263
219.48232
155.48575
81.225334
45.192616
62.837063
95.55484
90.190636
54.953712
31.389915
32.263584
43.085674
48.26399
43.043648
32.31409
23.721432
21.07892
22.380583
22.702536
19.69176
15.770076
13.687568
13.3391905
13.312889
12.503353
10.803379
9.061311
8.086996
7.851226
7.6227903
6.8338823
5.747685
4.98178
4.7060013
4.632491
4.406324
3.9117448
3.3365493
2.9547598
2.8473008
2.801993
2.55915
2.1514547
1.8480716
1.8010359
1.855071
1.7512159
1.4686232
1.2278836
1.1830202
1.2237912
1.1513684
0.9814535
0.875488
0.86902004
0.8567341
0.76801735
0.6728799
0.6569224
0.6687676
0.625227
0.54802287
0.5153471
0.53209716
0.5192469
0.45747364
0.41694683
0.43168157
0.44591448
0.40963936
0.36122376
0.3566545
0.37861326
0.3694282
0.3300888
0.3130685
0.3266051
0.3308395
0.30866405
0.28895694
0.29186535
0.29780117
0.28835896
0.27355382
0.26961628
0.27229327
0.2690531
0.26016206
0.25474843
0.25429282
0.25301522
0.24866532
0.24379097
0.24137539
0.24030228
0.2380306
0.2341217
0.23116909
0.23015061
0.228871
0.225927
0.22296688
0.22175074
0.22085436
0.21853153
0.21588823
0.21462844
0.21381643
0.21193813
0.2096863
0.20846397
0.20758778
0.20595784
0.20416704
0.20295323
0.20189506
0.2004487
0.19902033
0.19792138
0.19682503
0.19552094
0.19428232
0.19322707
0.19212638
0.19093448
0.18982235
0.18880945
0.18778896
0.18671708
0.18565607
0.1846879
0.18372919
0.1827173
0.18173406
0.18083173
0.17992269
0.17897187
0.17802732
0.17718166
0.17631966
0.17541637
0.17455293
0.17372881
0.17289641
0.17205147
0.17123148
0.17045559
0.16965926
0.16886114
0.16807707
0.16733722
0.1665769
0.16581815
0.16508736
0.16436218
0.16364887
0.16291982
0.1622233
0.16153166
0.16083616
0.160151
0.15948397
0.15881434
0.1581601
0.15749274
0.15685184
0.15621676
0.1555731
0.15494762
0.15433116
0.15373068
0.15311365
0.15250506
0.15191522
0.1513186
0.15073432
0.1501528
0.1495832
0.14900553
0.14843957
0.14789218
0.14733052
0.14677896
0.14623827
0.1456964
0.14516345
0.14462689
0.14410633
0.14358392
0.14306745
0.14255229
0.14204603
0.14153793
0.14103772
0.14054465
0.14005047
0.13955589
0.1390782
0.13859606
0.13811854
0.13763422
0.1371705
0.13669375
0.1362363
0.13577987
0.13532202
0.13486467
0.13441005
0.1339608
0.1335193
0.13307402
0.13263859
0.13219865
0.13176975
0.13133393
0.13090213
0.13047978
0.13006376
0.1296408
0.12922412
0.12880781
0.1284018
0.12799104
0.12758107
0.12717657
0.12677714
0.12637371
0.12598327
0.12558307
0.12519501
0.124803126
0.12441112
0.12403052
0.12365035
0.12327041
0.12288766
0.12251083
0.12213732
0.1217657
0.12138972
0.12102574
0.1206585
0.12029463
0.11993091
0.11957459
0.11920996
0.118854836
0.11850173
0.11815305
0.11779561
0.11744368
0.11710128
0.11675295
0.11641435
0.11606744
0.11573009
0.115386665
0.11505329
0.11471655
0.11438084
0.1140424
0.11371757
0.11339181
0.11306364
0.11273291
0.112411804
0.11209181
0.11177342
0.11145638
0.11113726
0.11081662
0.11050657
0.11018637
0.10987857
0.10956985
0.10926255
0.108953066
0.10864546
0.10833762
0.10804217
0.107734755
0.10743563
0.10713406
0.106839396
0.10654595
0.10625596
0.10596109
0.10566829
0.10537793
0.105082065
0.104798354
0.104510285
0.10422753
0.10394325
0.10365804
0.10337844
0.10309685
0.10281502
0.10253924
0.102263585
0.10198737
0.10170689
0.10144347
0.101164795
0.10089957
0.10062541
0.10036256
0.10009624
0.09982625
0.09956313
0.09929492
0.09903848
0.098780796
0.09851442
0.09826005
0.098001346
0.09774665
0.09749145
0.0972362
0.09698663
0.0967281
0.09647794
0.09622298
0.09598139
0.09573496
0.095479675
0.09524123
0.09499467
0.09475082
0.09451048
0.09426342
0.09403021
0.09378849
0.09355195
0.093312584
0.09307822
0.0928372
0.09260511
0.09237222
0.092136234
0.091907494
0.09168255
0.09144758
0.09121588
0.09098593
0.09076687
0.090543605
0.090320185
0.09009106
0.089866035
0.08964741
0.08942574
0.0892109
0.08899043
0.08876902
0.08855191
0.08833842
0.08812169
0.08790533
0.08768978
0.08748364
0.08727043
0.087058716
0.08684537
0.08663684
0.08642844
0.08622089
0.086017534
0.0858129
0.085601635
0.08539588
0.085193165
0.08499447
0.08479309
0.084588125
0.08439392
0.08419351
0.08399038
0.083797805
0.08359943
0.08340697
0.0832064
0.0830121
0.08282559
0.08263049
0.08243574
0.082251824
0.08205711
0.081869826
0.081677996
0.08148886
0.08129864
0.081109986
0.08093288
0.08074898
0.0805609
0.08037753
0.08019431
0.08001442
0.079827026
0.079652265
0.079472445
0.0792926
0.079116106
0.07893704
0.07876464
0.078584254
0.07840932
0.07823322
0.078061104
0.07788551
0.07771244
0.077541165
0.07737224
0.07719996
0.077026516
0.07685628
0.076689675
0.07651943
0.07635801
0.07618937
0.076022275
0.07585827
0.07569232
0.07553445
0.07536907
0.0752047
0.07503787
0.07488067
0.074721314
0.074557066
0.074402966
0.074233286
0.07407653
0.07392259
0.0737657
0.073609084
0.07345445
0.073291846
0.07314157
0.07298522
0.07284116
0.07268414
0.07253189
0.072378375
0.07222131
0.072076954
0.07192855
0.07177435
0.07162371
0.07148013
0.071331665
0.07118316
0.07103805
0.07088831
0.07074685
0.07060052
0.07046509
0.070327
0.07019607
0.07007864
0.06998172
0.069939926
0.06999176
0.070262596
0.07096219
0.07256582
0.0760348
0.08336214
0.0980035
0.1251354
0.16622886
0.20938714
0.21563272
0.16448066
0.0931014
0.07046886
0.104068846
0.1394959
0.1310627
0.09120222
0.07026591
0.08525728
0.10648816
0.10375462
0.0819765
0.069255754
0.07697573
0.08950445
0.0885854
0.07564278
0.06717889
0.07156514
0.079878554
0.07975986
0.07140569
0.065542705
0.06815564
0.07369044
0.07396585
0.06879466
0.06478074
0.0658753
0.06920501
0.06991517
0.067264356
0.06452711
0.06433247
0.06595092
0.066915505
0.066073485
0.06439356
0.06345598
0.06378982
0.06458175
0.06476711
0.064058885
0.06308201
0.062627174
0.0628764
0.06331174
0.06331898
0.062799715
0.062174983
0.06189529
0.06199588
0.062195823
0.062155027
0.061852336
0.061471123
0.061233677
0.061178017
0.06120888
0.06118989
0.06105804
0.060841653
0.060618926
0.060456187
0.06037484
0.06033762
0.060282905
0.060179878
0.060019776
0.059847526
0.05970075
0.059595123
0.05952105
0.05944496
0.059359085
0.05924283
0.059114423
0.05898199
0.05886324
0.058759276
0.05866475
0.05857462
0.05848092
0.05838586
0.058281485
0.0581714
0.058058575
0.057947017
0.05784523
0.057744324
0.057640135
0.057550255
0.05745606
0.057360146
0.05726411
0.057165645
0.057063602
0.05696209
0.056862257
0.056765936
0.05666424
0.056564596
0.056465928
0.056376267
0.05627857
0.05618345
0.056087956
0.055995636
0.055904284
0.05581038
0.055716153
0.055628706
0.055538464
0.055445887
0.05535754
0.05526567
0.055181276
0.055098843
0.05501889
0.05494533
0.054879002
0.0548259
0.05479507
0.054794736
0.05484894
0.05499264
0.0552785
0.055808928
0.05675753
0.058425434
0.06136079
0.06645825
0.075396344
0.090793625
0.11731117
0.1606679
0.2288913
0.32117563
0.4284156
0.5037647
0.5131489
0.43374398
0.32912847
0.2525961
0.22224566
0.19816594
0.15912476
0.12186329
0.11938102
0.15573207
0.19485587
0.19684422
0.14902203
0.08898161
0.06036604
0.075381264
0.1084273
0.12563832
0.11561211
0.09066031
0.07243133
0.069147445
0.074419826
0.07754084
0.07444755
0.06950226
0.06799186
0.070481315
0.07232712
0.06945658
0.06236554
0.05548927
0.05316195
0.055978086
0.060826942
0.063616
0.062396437
0.058407187
0.054512706
0.05278848
0.053175136
0.05405645
0.054043394
0.052944805
0.051694863
0.05129247
0.051987793
0.053145465
0.053791042
0.053387266
0.052124556
0.050722174
0.049829975
0.04962712
0.049843475
0.050025385
0.049886655
0.049421135
0.048874483
0.04851965
0.048487622
0.048719242
0.04901346
0.04921182
0.04923195
0.04913362
0.049034327
0.049055167
0.049259994
0.049664833
0.050258067
0.05103392
0.052077103
0.05351426
0.055631507
0.058773298
0.06360786
0.0708718
0.08212326
0.09905172
0.12544276
0.16469318
0.22532694
0.31074193
0.43477187
0.5826039
0.75713307
0.8741873
0.91226476
0.7672621
0.5182438
0.24252962
0.07834928
0.07183945
0.18128625
0.31709775
0.3835886
0.3527175
0.23768196
0.11759167
0.054350756
0.06866296
0.13145614
0.18981564
0.20656823
0.17059183
0.10995552
0.060137756
0.04594246
0.065816864
0.09873213
0.121071994
0.11884638
0.09662963
0.06799886
0.048741058
0.045729652
0.055892173
0.0701102
0.07916887
0.07901317
0.070515834
0.058985103
0.049466893
0.04518145
0.04630755
0.050796248
0.055780157
0.05880695
0.058915183
0.0562406
0.052108217
0.047907982
0.04491585
0.04369009
0.044160355
0.045735076
0.047604445
0.049068365
0.04964789
0.04928797
0.0481579
0.04665414
0.04512882
0.043896
0.043094847
0.042753965
0.042782143
0.04305846
0.043445304
0.043843262
0.044193566
0.044443805
0.044599928
0.044657804
0.044649944
0.044573605
0.044465948
0.04432779
0.04418948
0.04405393
0.043944772
0.043866396
0.043835748
0.043863196
0.043970365
0.04417505
0.044519693
0.0450275
0.045787457
0.04686879
0.04844927
0.050703008
0.054022502
0.058804967
0.065956265
0.07640385
0.09233876
0.11575403
0.15195376
0.20463416
0.2858707
0.39851835
0.56487703
0.764943
1.0196571
1.2162238
1.3505306
1.2241074
0.9324079
0.50094056
0.16772316
0.047260165
0.14280052
0.34723783
0.5078438
0.54524285
0.41824645
0.2325505
0.08509917
0.049387112
0.11413453
0.21132532
0.2733391
0.25543633
0.18298349
0.097463615
0.048976555
0.052979894
0.09232242
0.13450536
0.14975473
0.13368753
0.09566589
0.059700646
0.041865088
0.04627528
0.064607434
0.08295879
0.09122089
0.08501181
0.06976451
0.052715234
0.041499414
0.03914152
0.044213865
0.05242844
0.0590404
0.06136743
0.058607686
0.052727964
0.046030477
0.040956706
0.0386574
0.03912782
0.041411523
0.044161163
0.0462629
0.04699196
0.046337936
0.04457499
0.04236781
0.040247455
0.038672827
0.037816543
0.037664164
0.03804737
0.03872595
0.03948027
0.040121146
0.040555857
0.04072721
0.04068005
0.04045359
0.040144246
0.039813723
0.039549563
0.039424133
0.039511077
0.03989008
0.040692326
0.042095803
0.044409145
0.048091225
0.053936403
0.06314517
0.07777259
0.10087735
0.13749628
0.19449067
0.28188512
0.40875003
0.5817168
0.78398794
0.9726842
1.0551883
0.9600623
0.68263197
0.3480457
0.12311238
0.09489806
0.22526246
0.3918534
0.47390294
0.4168997
0.26534113
0.12055192
0.064851485
0.104570135
0.18382426
0.23283693
0.21580939
0.14856912
0.07944567
0.049837057
0.06691448
0.10541317
0.1333392
0.13156569
0.10583046
0.075573936
0.060342316
0.06667374
0.08738341
0.108270444
0.12084024
0.1239736
0.12750387
0.13953564
0.17191456
0.22232795
0.30051172
0.3932879
0.5241049
0.6642758
0.8592254
1.0205442
1.2112889
1.2435315
1.2266524
0.9956632
0.7390689
0.4515154
0.2590505
0.17157543
0.19027697
0.27981028
0.37516773
0.44478077
0.4217968
0.34468338
0.22608444
0.12902857
0.08000094
0.08480474
0.124891974
0.16906144
0.20057374
0.2002561
0.17606913
0.13083178
0.08489201
0.051938623
0.04231332
0.05462909
0.07812697
0.09992668
0.10838719
0.033236936
0.09370828
0.033534218
0.081874706
0.03386234
0.071940355
0.034270696
0.06402348
0.034488864
0.057536904
0.034669086
0.052384384
0.034676947
0.04824622
0.034651525
0.044986494
0.034500547
0.042382292
0.03433742
0.040331308
0.034124758
0.03870639
0.03391264
0.037421897
0.033687826
0.036401913
0.033485215
0.03559412
0.033281077
0.034944594
0.03310319
0.034421906
0.032937367
0.033999067
