3.576874
3.57682
3.5767863
3.5767527
3.5767214
3.5766919
3.5766609
3.5766244
3.5765827
3.5765386
3.576494
3.576451
3.5764081
3.5763676
3.5763295
3.5762932
3.576259
3.576229
3.5762079
3.5761938
3.576185
3.5761805
3.5761771
3.5761738
3.5761726
3.576172
3.5761714
3.5761695
3.5761669
3.5761647
3.5761626
3.576162
3.576163
3.5761642
3.5761654
3.576167
3.5761685
3.5761702
3.576172
3.5761728
3.5761733
3.576173
3.5761726
3.5761714
3.5761704
3.576169
3.5761676
3.5761657
3.5761638
3.5761616
3.5761592
3.5761576
3.576156
3.5761542
3.5761526
3.5761507
3.5761497
3.5761485
3.5761478
3.5761461
3.5761456
3.5761454
3.5761445
3.5761447
3.5761445
3.576144
3.576144
3.576144
3.5761437
3.5761437
3.5761433
3.5761433
3.576143
3.576143
3.576143
3.5761428
3.5761428
3.5761425
3.5761425
3.576142
3.576142
3.5761418
3.576141
3.576141
3.5761404
3.5761404
3.57614
3.5761395
3.5761395
3.576139
3.5761387
3.5761385
3.5761385
3.5761373
3.576137
3.5761368
3.5761366
3.5761359
3.5761359
3.5761359
3.5761354
3.576135
3.5761347
3.5761344
3.576134
3.5761337
3.5761333
3.5761333
3.576133
3.576133
3.576132
3.5761318
3.5761318
3.5761318
3.5761318
3.5761313
3.5761309
3.5761306
3.5761306
3.5761306
3.57613
3.5761297
3.5761294
3.5761294
3.5761287
3.5761292
3.5761292
3.5761285
3.5761285
3.576128
3.576128
3.576128
3.5761278
3.5761273
3.5761266
3.5761266
3.5761263
3.5761263
3.576126
3.576126
3.5761259
3.5761256
3.5761251
3.576125
3.5761244
3.576125
3.5761247
3.5761242
3.5761237
3.5761237
3.5761237
3.5761237
3.5761237
3.5761235
3.5761235
3.5761235
3.576123
3.576123
3.5761223
3.5761223
3.5761228
3.5761223
3.5761228
3.576122
3.576122
3.576122
3.576122
3.576122
3.5761218
3.5761218
3.5761216
3.5761216
3.5761216
3.5761218
3.5761216
3.5761213
3.5761213
3.5761213
3.5761213
3.5761206
3.5761206
3.5761206
3.5761206
3.5761206
3.5761204
3.5761201
3.5761201
3.5761197
3.5761204
3.5761201
3.57612
3.57612
3.57612
3.5761194
3.5761194
3.5761192
3.5761192
3.5761192
3.5761192
3.5761192
3.5761192
3.576119
3.5761185
3.576119
3.576119
3.576119
3.5761185
3.576119
3.576119
3.5761185
3.5761185
3.5761182
3.5761182
3.576118
3.576118
3.576118
3.5761182
3.5761182
3.5761182
3.5761182
3.576118
3.576118
3.576118
3.5761178
3.5761178
3.5761178
3.5761178
3.5761178
3.5761178
3.5761178
3.5761178
3.5761178
3.5761178
3.5761178
3.5761175
3.5761175
3.5761175
3.5761175
3.5761175
3.5761175
3.5761175
3.576117
3.5761175
3.576117
3.576117
3.5761168
3.5761168
3.5761168
3.5761168
3.5761168
3.5761163
3.5761168
3.5761163
3.5761163
3.5761163
3.5761163
3.5761163
3.5761163
3.5761163
3.5761163
3.5761166
3.576116
3.576116
3.5761166
3.576116
3.5761166
3.576116
3.576116
3.5761166
3.576116
3.576116
3.576116
3.576116
3.576116
3.576116
3.576116
3.576116
3.576116
3.576116
3.576116
3.576116
3.576116
3.5761158
3.5761158
3.5761158
3.5761158
3.5761158
3.5761158
3.5761158
3.5761158
3.5761158
3.5761158
3.5761158
3.5761158
3.5761156
3.5761158
3.5761156
3.5761156
3.5761156
3.5761156
3.5761158
3.5761158
3.5761158
3.5761156
3.5761158
3.5761154
3.5761154
3.5761156
3.5761156
3.5761156
3.576115
3.576115
3.5761154
3.5761156
3.5761156
3.5761156
3.5761156
3.5761154
3.5761154
3.576115
3.5761154
3.576115
3.576115
3.576115
3.5761154
3.5761154
3.5761154
3.5761154
3.5761154
3.5761156
3.576115
3.576115
3.5761154
3.5761154
3.5761154
3.5761154
3.5761154
3.5761154
3.5761154
3.5761154
3.5761154
3.576115
3.5761154
3.576115
3.576115
3.5761154
3.5761151
3.5761151
3.5761147
3.5761151
3.5761147
3.5761147
3.5761151
3.5761147
3.5761147
3.5761147
3.5761147
3.5761147
3.5761147
3.5761147
3.5761147
3.5761147
3.5761147
3.5761147
3.5761147
3.5761147
3.5761147
3.5761147
3.5761147
3.5761147
3.5761147
3.5761147
3.5761147
3.5761147
3.5761147
3.5761147
3.5761147
3.5761147
3.5761147
3.5761147
3.5761147
3.5761147
3.5761147
3.5761147
3.5761147
3.5761147
3.5761147
3.5761147
3.5761147
3.5761147
3.5761147
3.5761147
3.5761147
3.5761147
3.5761147
3.5761147
3.5761147
3.5761147
3.5761147
3.5761147
3.5761147
3.5761147
3.5761147
3.5761147
3.5761147
3.5761147
3.5761147
3.5761147
3.5761147
3.5761147
3.5761147
3.5761147
3.5761147
3.5761147
3.5761147
3.5761147
3.5761147
3.5761144
3.5761144
3.5761144
3.5761144
3.5761144
3.5761144
3.576114
3.576114
3.576114
3.576114
3.5761144
3.5761144
3.5761144
3.5761144
3.5761144
3.5761144
3.5761144
3.5761144
3.5761144
3.5761144
3.5761144
3.5761144
3.5761144
3.5761144
3.5761144
3.5761144
3.5761144
3.5761144
3.5761144
3.5761144
3.5761144
3.5761144
3.5761144
3.5761144
3.5761144
3.5761144
3.5761144
3.5761144
3.5761144
3.5761144
3.5761144
3.5761144
3.5761144
3.5761144
3.5761144
3.576114
3.5761144
3.5761144
3.5761144
3.5761144
3.5761144
3.5761144
3.5761144
3.576114
3.5761144
3.576114
3.576114
3.576114
3.5761144
3.5761137
3.5761137
3.576114
3.5761137
3.576114
3.576114
3.576114
3.576114
3.576114
3.576114
3.576114
3.576114
3.5761137
3.5761137
3.5761135
3.5761137
3.5761137
3.5761137
3.5761137
3.5761137
3.5761137
3.5761137
3.5761137
3.5761137
3.5761137
3.5761137
3.5761137
3.5761137
3.5761137
3.5761137
3.5761137
3.5761137
3.5761135
3.5761137
3.5761137
3.5761135
3.5761135
3.5761135
3.5761135
3.5761135
3.5761135
3.5761135
3.5761135
3.5761137
3.5761135
3.5761135
3.5761135
3.5761135
3.5761135
3.5761135
3.5761135
3.5761135
3.5761135
3.5761135
3.5761135
3.5761135
3.5761135
3.5761135
3.5761135
3.5761135
3.5761135
3.5761135
3.5761135
3.5761135
3.5761135
3.5761135
3.5761135
3.5761135
3.5761135
3.5761135
3.5761135
3.5761135
3.5761135
3.5761135
3.5761135
3.5761135
3.5761135
3.5761135
3.5761135
3.5761135
3.5761132
3.5761132
3.5761135
3.5761132
3.5761132
3.5761132
3.5761132
3.5761132
3.5761132
3.5761132
3.5761132
3.5761132
3.5761132
3.5761132
3.5761132
3.5761132
3.5761132
3.5761132
3.5761132
3.5761132
3.5761132
3.5761132
3.5761132
3.5761132
3.5761132
3.5761132
3.5761132
3.5761132
3.5761132
3.5761132
3.5761132
3.5761132
3.5761132
3.5761132
3.5761132
3.5761132
3.5761132
3.5761132
3.5761132
3.5761132
3.5761132
3.5761132
3.5761132
3.5761132
3.5761132
3.5761132
3.5761132
3.5761132
3.5761132
3.5761132
3.5761132
3.5761132
3.5761132
3.5761132
3.5761132
3.5761132
3.5761132
3.5761132
3.5761132
3.5761132
3.5761132
3.5761132
3.5761132
3.5761132
3.5761132
3.5761132
3.5761132
3.5761132
3.5761132
3.5761127
3.5761125
3.5761125
3.576113
3.5761125
3.5761125
3.5761125
3.5761125
3.5761125
3.5761125
3.5761125
3.5761125
3.5761125
3.5761125
3.5761125
3.5761125
3.5761125
3.5761125
3.5761125
3.5761125
3.5761125
3.5761125
3.5761125
3.5761125
3.576113
3.576113
3.5761125
3.5761125
3.5761125
3.5761125
3.5761125
3.576112
3.576112
3.576112
3.5761125
3.5761125
3.5761125
3.5761125
3.5761125
3.576113
3.576113
3.576113
3.5761125
3.576112
3.576113
3.576113
3.576112
3.576112
3.576112
3.576112
3.5761125
3.576112
3.576112
3.576112
3.576112
3.576112
3.5761125
3.5761125
3.576112
3.576112
3.576112
3.576113
3.5761125
3.5761125
3.5761125
3.576112
3.576112
3.576112
3.5761125
3.576112
3.5761123
3.5761123
3.5761123
3.5761123
3.5761123
3.5761123
3.5761118
3.5761123
3.5761118
3.5761123
3.5761123
3.5761123
3.5761118
3.5761123
3.5761123
3.5761123
3.5761123
3.5761118
3.5761118
3.5761118
3.5761118
3.5761118
3.5761118
3.5761118
3.5761118
3.5761118
3.5761118
3.5761118
3.5761118
3.5761118
3.5761118
3.5761118
3.5761118
3.5761118
3.5761118
3.5761118
3.5761118
3.5761118
3.5761118
3.5761118
3.5761118
3.5761118
3.5761118
3.5761118
3.5761118
3.5761118
3.5761118
3.5761118
3.5761118
3.5761118
3.5761118
3.5761118
3.5761118
3.5761118
3.5761118
3.5761118
3.5761118
3.5761118
3.5761118
3.5761118
3.5761118
3.5761118
3.5761118
3.5761118
3.5761118
3.5761118
3.5761118
3.5761118
3.5761118
3.5761118
3.5761118
3.5761116
3.5761116
3.5761116
3.5761116
3.5761116
3.5761116
3.5761116
3.5761116
3.5761116
3.5761116
3.5761116
3.5761116
3.5761116
3.5761116
3.5761116
3.5761116
3.5761116
3.5761116
3.5761116
3.5761116
3.5761116
3.5761116
3.5761116
3.5761116
3.5761116
3.5761116
3.5761116
3.5761116
3.5761116
3.5761116
3.5761116
3.5761116
3.5761116
3.5761116
3.5761116
3.5761116
3.5761116
3.5761116
3.5761116
3.5761116
3.5761116
3.5761116
3.5761116
3.5761116
3.5761116
3.5761116
3.5761116
3.5761116
3.5761116
3.5761116
3.5761116
3.5761116
3.5761116
3.5761116
3.5761116
3.5761116
3.5761113
3.5761116
3.5761113
3.5761113
3.5761116
3.5761116
3.5761113
3.5761113
3.5761113
3.5761113
3.5761113
3.5761113
3.5761113
3.5761113
3.5761113
3.5761113
3.576111
3.576111
3.576111
3.5761106
3.5761106
3.576111
3.576111
3.576111
3.576111
3.576111
3.576111
3.576111
3.576111
3.576111
3.576111
3.576111
3.576111
3.576111
3.576111
3.576111
3.5761113
3.576111
3.576111
3.5761113
3.576111
3.5761106
3.5761106
3.576111
3.5761106
3.576111
3.5761106
3.5761113
3.576111
3.5761106
3.576111
3.5761113
3.576111
3.5761113
3.5761113
3.5761113
3.576111
3.576111
3.5761113
3.576111
3.5761106
3.576111
3.5761113
3.5761106
3.5761106
3.576111
3.5761106
3.5761106
3.576111
3.5761106
3.5761106
3.576111
3.5761106
3.5761106
3.576111
3.5761106
3.5761106
3.576111
3.576111
3.576111
3.576111
3.576111
3.5761106
3.5761106
3.5761106
3.576111
3.576111
3.5761106
3.5761104
3.5761104
3.5761104
3.5761104
3.5761104
3.5761104
3.5761104
3.5761104
3.5761108
3.5761104
3.5761104
3.5761104
3.5761104
3.5761104
3.5761104
3.5761104
3.5761104
3.5761104
3.5761104
3.5761104
3.5761104
3.5761104
3.5761104
3.5761104
3.5761104
3.5761104
3.5761104
3.5761104
3.5761104
3.5761104
3.5761104
3.5761104
3.5761104
3.5761104
3.5761104
3.5761104
3.5761104
3.5761104
3.5761104
3.5761104
3.5761104
3.5761104
3.5761104
3.5761104
3.5761104
3.5761104
3.5761104
3.5761104
3.5761104
3.5761104
3.5761104
3.5761104
3.5761104
3.5761104
3.5761104
3.5761104
3.5761104
3.5761104
3.5761104
3.5761104
3.5761101
3.5761104
3.5761104
3.5761104
3.5761104
3.5761104
3.5761104
3.5761104
3.5761104
3.5761104
3.5761104
3.5761104
3.5761104
3.5761104
3.5761101
3.5761101
3.5761101
3.5761101
3.5761101
3.5761101
3.5761101
3.5761101
3.5761101
3.5761101
3.5761101
3.5761101
3.5761101
3.5761101
3.5761101
3.5761101
