4.388665
4.388538
4.388411
4.388286
4.3881617
4.3880386
4.3879166
4.3877954
4.3876762
4.387558
4.38744
4.387324
4.38721
4.3870964
4.386985
4.3868737
4.3867636
4.3866553
4.3865476
4.386442
4.3863378
4.386234
4.386132
4.3860307
4.3859315
4.385833
4.3857355
4.385639
4.385544
4.3854504
4.385358
4.385267
4.385176
4.3850875
4.3849998
4.384913
4.384827
4.384743
4.3846602
4.3845778
4.3844967
4.3844166
4.3843374
4.3842597
4.3841834
4.384107
4.3840327
4.383959
4.383886
4.3838143
4.3837433
4.3836737
4.3836045
4.383537
4.38347
4.383404
4.383339
4.3832746
4.383211
4.3831487
4.383087
4.383026
4.3829665
4.3829074
4.3828487
4.382791
4.3827343
4.382679
4.382623
4.382569
4.382515
4.382462
4.38241
4.382358
4.3823075
4.3822575
4.3822083
4.382159
4.382111
4.3820634
4.382017
4.3819714
4.3819256
4.3818803
4.3818364
4.3817925
4.381749
4.381707
4.381665
4.3816237
4.3815827
4.3815427
4.381503
4.381464
4.381425
4.3813868
4.3813496
4.381312
4.381276
4.3812404
4.3812046
4.3811693
4.381135
4.3811
4.381067
4.381034
4.3810005
4.380968
4.3809366
4.3809047
4.3808737
4.3808436
4.380813
4.380783
4.380754
4.380725
4.380696
4.3806677
4.38064
4.380612
4.3805857
4.3805585
4.3805323
4.380506
4.38048
4.380455
4.3804297
4.3804054
4.380381
4.380357
4.380333
4.3803096
4.3802867
4.380264
4.3802414
4.380219
4.380197
4.380175
4.3801537
4.3801327
4.380112
4.3800917
4.3800716
4.380051
4.3800316
4.3800125
4.379993
4.379974
4.3799553
4.379937
4.379919
4.3799014
4.379883
4.3798656
4.3798485
4.3798313
4.379815
4.379798
4.3797812
4.3797655
4.3797493
4.3797336
4.379718
4.3797026
4.3796873
4.379672
4.3796577
4.3796434
4.3796287
4.379615
4.3796005
4.3795867
4.379573
4.3795595
4.379546
4.3795333
4.3795195
4.379507
4.379495
4.3794823
4.37947
4.379458
4.3794456
4.3794336
4.3794217
4.3794107
4.379399
4.3793874
4.3793764
4.3793654
4.3793545
4.379344
4.3793335
4.3793225
4.3793125
4.379302
4.3792915
4.3792825
4.3792725
4.3792624
4.3792534
4.379244
4.3792343
4.379225
4.379216
4.379207
4.3791976
4.379189
4.3791804
4.3791723
4.3791637
4.379155
4.379147
4.3791385
4.3791304
4.3791227
4.3791146
4.3791075
4.379099
4.3790917
4.379084
4.379077
4.3790693
4.3790617
4.379055
4.379048
4.3790407
4.3790336
4.3790274
4.3790197
4.3790135
4.379007
4.3790007
4.378994
4.378988
4.378981
4.3789754
4.3789682
4.378963
4.378957
4.3789506
4.3789454
4.3789387
4.3789334
4.3789277
4.378922
4.3789167
4.3789105
4.3789053
4.3789
4.3788943
4.3788896
4.378884
4.378879
4.378874
4.3788686
4.3788643
4.3788586
4.3788543
4.3788495
4.3788443
4.3788395
4.3788347
4.3788304
4.378826
4.378821
4.3788166
4.3788123
4.3788075
4.3788037
4.378799
4.3787947
4.378791
4.378786
4.378782
4.378778
4.378774
4.37877
4.378766
4.378762
4.378758
4.3787546
4.3787503
4.3787465
4.3787427
4.378739
4.378736
4.3787313
4.378728
4.3787246
4.378721
4.3787174
4.3787136
4.3787103
4.378707
4.3787036
4.3787
4.3786974
4.378693
4.3786902
4.3786874
4.378684
4.37868
4.3786774
4.3786745
4.378671
4.378668
4.378665
4.378662
4.378659
4.3786564
4.3786526
4.37865
4.3786464
4.3786445
4.378641
4.3786383
4.3786354
4.3786325
4.37863
4.3786273
4.3786244
4.378622
4.378619
4.3786163
4.3786135
4.378611
4.378608
4.378606
4.3786025
4.3786006
4.3785977
4.3785954
4.378593
4.37859
4.3785877
4.3785853
4.378583
4.3785806
4.378578
4.378576
4.378574
4.3785706
4.3785686
4.3785663
4.378564
4.3785615
4.3785596
4.3785567
4.3785553
4.3785524
4.3785505
4.3785477
4.3785458
4.378544
4.3785415
4.3785396
4.378537
4.3785353
4.378533
4.3785305
4.3785286
4.3785267
4.3785243
4.3785224
4.3785205
4.378518
4.378516
4.378514
4.378512
4.37851
4.3785086
4.3785067
4.3785043
4.3785024
4.3785
4.378498
4.378496
4.378494
4.378493
4.378491
4.378488
4.378486
4.378485
4.3784833
4.378482
4.378479
4.3784776
4.3784757
4.378474
4.3784723
4.3784704
4.378468
4.378466
4.3784647
4.3784633
4.378461
4.3784595
4.3784575
4.378456
4.378454
4.378453
4.3784504
4.378449
4.3784466
4.378445
4.3784437
4.3784423
4.378441
4.378439
4.378437
4.378435
4.3784337
4.378432
4.378431
4.3784285
4.378427
4.3784256
4.378424
4.378422
4.378421
4.378419
4.378418
4.3784156
4.378414
4.3784127
4.3784113
4.37841
4.3784084
4.3784065
4.378405
4.3784037
4.3784018
4.3784
4.378399
4.378397
4.3783956
4.378394
4.3783927
4.378391
4.37839
4.378388
4.3783865
4.378385
4.3783836
4.378382
4.378381
4.3783793
4.378378
4.3783765
4.378375
4.378373
4.378372
4.3783703
4.378369
4.3783674
4.378366
4.378364
4.378363
4.3783617
4.3783607
4.378359
4.3783574
4.378356
4.378355
4.378353
4.378352
4.3783507
4.378349
4.3783474
4.378346
4.378345
4.3783436
4.378342
4.3783402
4.37834
4.378338
4.378337
4.3783355
4.378334
4.3783326
4.3783317
4.3783298
4.378329
4.378327
4.378326
4.378325
4.378323
4.378322
4.37832
4.3783197
4.3783183
4.3783164
4.378316
4.3783145
4.378313
4.378311
4.37831
4.378309
4.378308
4.3783064
4.378305
4.378304
4.3783026
4.378301
4.3783007
4.3782988
4.3782973
4.3782964
4.378295
4.378294
4.3782926
4.3782916
4.37829
4.3782887
4.3782873
4.378287
4.378285
4.378284
4.378283
4.378281
4.3782806
4.378279
4.378278
4.3782763
4.3782754
4.378274
4.3782725
4.378271
4.37827
4.378269
4.3782682
4.378267
4.3782663
4.378265
4.3782635
4.378262
4.378261
4.3782597
4.3782587
4.3782573
4.378256
4.3782554
4.378254
4.3782525
4.3782516
4.3782506
4.378249
4.378248
4.3782473
4.3782463
4.378245
4.378244
4.3782425
4.378241
4.37824
4.3782387
4.3782377
4.378237
4.3782353
4.3782344
4.378233
4.378232
4.3782315
4.37823
4.378229
4.3782277
4.378227
4.378226
4.3782244
4.3782234
4.378222
4.378221
4.3782196
4.3782187
4.3782177
4.3782167
4.378216
4.378215
4.378214
4.3782125
4.3782115
4.37821
4.3782096
4.3782077
4.378207
4.3782063
4.378205
4.3782043
4.378203
4.378202
4.378201
4.3781996
4.3781986
4.3781977
4.3781962
4.3781953
4.3781943
4.3781934
4.3781924
4.3781915
4.37819
4.378189
4.378188
4.3781867
4.3781857
4.3781853
4.378184
4.3781824
4.3781824
4.378181
4.3781796
4.378179
4.378178
4.378177
4.378176
4.378175
4.378174
4.378173
4.378172
4.378171
4.3781695
4.3781686
4.378168
4.378167
4.378166
4.378165
4.378164
4.378163
4.3781624
4.3781614
4.3781605
4.378159
4.378158
4.378157
4.378156
4.378155
4.3781543
4.3781533
4.3781524
4.3781514
4.3781505
4.3781495
4.3781486
4.3781476
4.3781466
4.378145
4.3781443
4.3781433
4.3781424
4.3781414
4.3781404
4.3781395
4.378139
4.3781376
4.378137
4.378136
4.378135
4.3781343
4.378133
4.378132
4.3781314
4.3781304
4.3781295
4.3781285
4.3781276
4.3781266
4.3781257
4.3781247
4.378124
4.3781233
4.3781223
4.3781214
4.3781204
4.3781195
4.3781185
4.3781176
4.3781166
4.3781157
4.3781147
4.3781137
4.3781133
4.3781123
4.3781114
4.3781104
4.3781095
4.3781085
4.3781075
4.378107
4.378106
4.378105
4.378104
4.3781033
4.3781023
4.3781013
4.3781004
4.3781
4.378099
4.378098
4.3780975
4.378096
4.3780956
4.3780947
4.3780937
4.378093
4.378092
4.3780913
4.3780904
4.37809
4.378089
4.3780875
4.378087
4.3780866
4.378085
4.378084
4.3780837
4.3780828
4.378082
4.378081
4.378081
4.37808
4.378079
4.3780775
4.378077
4.378076
4.378075
4.378074
4.3780737
4.3780727
4.3780723
4.378072
4.3780704
4.3780694
4.378069
4.378068
4.378067
4.378066
4.3780656
4.3780646
4.3780637
4.378063
4.3780622
4.3780613
4.378061
4.37806
4.378059
4.3780584
4.3780575
4.378057
4.378056
4.378055
4.3780546
4.3780537
4.3780527
4.378052
4.3780513
4.3780503
4.37805
4.378049
4.3780484
4.3780475
4.3780465
4.378046
4.378045
4.3780446
4.3780437
4.3780427
4.378042
4.3780413
4.378041
4.37804
4.378039
4.3780384
4.3780375
4.378037
4.3780355
4.378035
4.378034
4.3780336
4.3780327
4.378032
4.3780313
4.3780303
4.37803
4.378029
4.3780284
4.3780274
4.378027
4.378026
4.3780255
4.3780246
4.378024
4.378023
4.3780227
4.3780217
4.3780212
4.3780203
4.37802
4.378019
4.3780184
4.3780174
4.378017
4.378016
4.3780155
4.3780146
4.378014
4.378013
4.3780127
4.3780117
4.378011
4.3780107
4.37801
4.3780093
4.378008
4.378008
4.3780065
4.3780065
4.3780055
4.378005
4.3780046
4.3780036
4.378003
4.378002
4.378001
4.3780003
4.378
4.378
4.3779984
4.377998
4.3779974
4.377997
4.3779964
4.3779945
4.3779945
4.377993
4.3779926
4.3779926
4.3779917
4.377991
4.37799
4.3779893
4.3779893
4.377988
4.3779874
4.3779864
4.377986
4.3779855
4.3779845
4.377984
4.3779836
4.3779826
4.377982
4.3779817
4.3779807
4.37798
4.3779798
4.377979
4.3779783
4.377978
4.377977
4.3779764
4.3779755
4.3779745
4.377974
4.377974
4.377973
4.3779726
4.377972
4.377971
4.3779707
4.37797
4.3779693
4.377969
4.377968
4.377967
4.3779664
4.3779664
4.377965
4.3779645
4.377964
4.377963
4.377962
4.377962
4.377961
4.37796
4.3779597
4.3779593
4.3779593
4.377958
4.3779573
4.377957
4.3779564
4.3779554
4.377955
4.3779545
4.377954
4.377953
4.3779526
4.377952
4.3779516
4.3779507
4.37795
4.3779497
4.377949
4.3779483
4.377948
4.3779473
4.377947
4.377946
4.3779454
4.377945
4.3779445
4.377944
4.377943
4.3779426
4.377942
4.3779416
4.3779407
4.37794
4.3779397
4.377939
4.3779383
4.377938
4.3779373
4.3779364
4.377936
4.377936
4.377935
4.3779345
4.377934
4.3779335
4.377933
4.377932
4.3779316
4.3779306
4.37793
4.3779297
4.377929
4.3779283
4.377928
4.3779273
4.377927
4.3779263
4.377926
4.377925
4.3779244
4.3779235
4.3779235
4.377923
4.3779225
4.377922
4.377921
4.3779206
4.37792
4.3779197
4.3779187
4.3779182
4.377918
4.3779173
4.3779163
4.377916
4.3779154
4.3779144
4.377914
4.377914
4.377913
4.3779125
4.377912
4.3779116
4.377911
4.3779106
4.37791
4.3779097
4.377909
4.377908
4.3779078
4.3779073
4.3779063
4.377906
4.3779054
4.377905
4.3779044
4.377904
4.3779035
4.377903
4.3779025
4.3779016
4.3779016
4.377901
4.3779
4.3778996
4.377899
4.3778987
4.377898
4.3778977
4.3778973
4.3778963
4.3778963
4.377896
4.377895
