25006.34
24997.057
24999.725
24991.293
24993.217
24993.895
24992.494
24989.81
24988.107
24989.951
24988.709
24986.477
24986.48
24986.893
24986.428
24985.094
24983.812
24983.639
24983.193
24981.479
24980.445
24979.791
24978.133
24975.72
24973.691
24969.652
24966.023
24958.092
24953.75
24954.357
24933.418
24960.545
24925.607
24942.045
24906.113
24922.742
24868.041
24872.355
24815.943
24872.549
24807.318
24770.898
24709.71
24565.348
24661.184
24370.984
24565.21
24581.047
24459.365
23999.742
24125.19
23849.186
23559.303
23682.365
23684.932
23210.023
23241.9
22957.012
22883.75
22577.28
22283.668
22032.123
21516.057
21229.918
20876.387
21127.465
21004.117
20471.916
20214.494
20162.928
19773.613
19811.783
18865.842
18780.803
18783.21
17760.92
17756.352
17417.49
16330.237
16105.573
16060.799
14950.565
14225.076
14261.827
14701.503
15159.383
12869.705
12666.366
14597.625
12736.528
12463.809
13591.7295
11605.415
13612.553
14250.923
12233.255
14013.262
12836.927
13016.456
11683.717
12099.709
12146.278
10707.706
12007.514
10257.289
10955.133
10660.052
9941.611
10397.906
9677.8955
9782.327
9436.767
9349.171
8919.038
8848.57
8360.465
8059.0103
7711.6157
7024.0786
6525.6997
5619.153
4983.4756
4400.245
3974.9324
3764.6865
3513.253
3266.0862
2837.1155
2423.905
2083.882
2416.9883
2602.6875
2673.0156
2033.1803
1803.6676
2045.099
1801.4701
1600.4049
1857.5842
1812.1521
2030.0953
2626.8796
1875.2429
1700.5155
1298.9886
1267.4595
1442.5778
1548.6165
2182.9048
1483.2275
1196.2277
1033.4678
1035.2019
1303.0326
1420.3972
1542.5839
1020.5209
928.09784
1066.8171
1221.9419
1265.6365
908.5206
825.9812
905.0143
919.15216
918.402
793.23175
805.76514
839.29346
794.92065
700.66956
636.80273
713.601
769.7821
704.0225
639.1051
592.42676
609.5347
612.67633
565.52716
566.1221
564.26935
556.25555
558.6058
531.53455
527.705
505.21127
472.89905
459.66602
452.6308
456.5469
471.267
464.89096
473.06595
489.4831
529.2148
569.4708
650.57385
634.0731
633.0769
490.84424
391.63452
327.2845
323.5141
367.34775
437.81073
583.6334
718.1553
1176.8862
1494.7302
1977.6393
927.17
440.5458
1038.0585
1175.7395
834.24
524.3006
875.6568
726.5069
325.5671
678.1183
803.1181
395.17892
278.56116
546.6999
539.98535
310.0666
447.52545
392.1642
209.83896
267.02267
387.6628
328.53323
153.0921
249.68701
330.60373
221.5631
186.22499
237.11209
221.71558
145.0408
175.6553
243.45825
214.91873
175.42429
226.3265
379.01352
430.46292
533.35425
491.3094
482.0381
300.8085
161.22911
137.79059
228.55899
330.36276
366.48367
386.19864
299.53455
286.30933
198.22966
147.9086
113.72978
123.27317
167.94019
195.85477
243.82465
217.58578
206.8737
152.26613
104.98531
69.03415
58.934254
74.6952
100.85326
131.32462
138.19258
147.26108
140.45262
158.4307
177.35876
225.79875
289.1927
336.15283
411.21664
346.363
281.21054
144.23286
67.97322
66.5244
115.796425
197.83553
212.30954
220.99057
132.50589
69.26225
42.69957
60.13645
105.16078
133.18036
159.6794
130.81587
120.40127
121.509575
186.5967
286.11374
510.88513
656.286
987.0046
752.4199
644.9524
248.69843
91.39814
114.418076
268.84366
494.2316
532.955
553.89465
297.7474
162.90056
113.875565
191.22643
319.90863
389.20673
355.7627
209.66951
117.42273
110.745155
200.49937
263.37747
275.48346
158.53659
66.8124
69.81846
140.28285
235.47386
205.22144
141.4877
55.41642
43.37102
87.72737
121.57573
128.13611
83.88739
54.56897
58.277706
78.12379
89.490685
76.24953
52.73595
40.369236
48.178574
68.00354
82.629234
95.51569
87.90774
90.87962
99.34254
140.7293
183.02898
297.2094
340.96317
498.82584
407.2233
415.68243
273.86176
236.68271
165.89124
131.30301
105.37677
103.79726
145.8175
193.05287
291.35358
268.72406
292.48782
215.56473
207.11652
183.602
203.24002
183.45018
152.99582
102.52038
58.313953
34.318245
34.377846
51.755474
76.91937
110.147194
136.67938
170.27307
173.52644
188.88632
164.88702
158.04735
125.89492
113.6191
94.45961
103.34254
114.54841
163.9681
201.75674
288.4796
303.58255
352.72113
263.08316
189.43294
84.99312
42.4614
58.24438
114.11027
181.13347
217.74
228.82443
194.76334
145.41093
90.76855
49.259346
28.53436
28.79255
45.329693
64.583916
87.43686
94.41028
102.41365
88.91525
80.23791
62.44935
57.1035
56.246353
73.72371
103.83094
173.07326
259.37308
431.7629
538.3029
724.1351
566.644
473.66177
272.5176
249.7585
294.44525
308.611
337.34167
227.66946
183.73715
168.06638
255.4575
299.42255
297.83212
172.57672
63.55674
28.949135
75.747505
144.3056
177.78394
178.38165
135.05627
125.43474
119.287636
150.5404
156.21402
197.39156
198.88818
252.1348
251.3519
250.14066
192.29326
119.94435
56.34056
23.54727
28.173254
58.113117
100.32292
132.21071
149.72769
138.31004
110.92306
76.373405
46.919582
29.18854
22.780252
26.585684
36.241875
49.755272
60.990448
76.04414
78.71295
88.11882
77.06104
72.18073
53.48761
42.663334
32.455894
31.911337
38.810127
58.88955
84.80421
139.58286
185.92377
299.53754
317.28656
412.9454
300.79312
263.5562
188.79733
189.529
178.92577
176.79292
148.69588
125.28107
117.81021
117.44931
142.83119
158.29178
181.21547
178.01805
168.75366
134.8147
110.84667
78.53544
53.91413
40.095707
37.42269
54.317295
78.39802
121.59798
157.14885
257.33368
329.3836
572.55927
538.2711
616.19336
287.50885
91.82431
51.971874
161.13043
351.94662
336.01456
329.2407
215.05577
227.59698
250.8336
276.78363
282.94437
184.20828
140.30936
188.16455
228.46552
243.99562
133.76195
58.720257
48.84531
102.99717
161.55734
155.35861
120.59974
78.95264
71.58557
103.61257
120.06057
127.96392
79.10634
47.428852
39.817394
60.266266
93.10863
112.830605
120.94894
131.76225
141.6229
183.76518
210.01993
268.35562
270.2799
308.36426
271.42865
310.43222
252.14087
247.43654
154.1946
88.01422
32.952755
15.717691
13.686259
13.805637
12.517602
12.63553
11.723791
11.613478
11.202301
10.973475
10.485422
10.048843
9.797565
9.493828
9.367444
9.131814
9.144836
8.90641
8.889954
8.657381
8.664613
8.364852
8.304004
8.055075
8.066553
7.8722935
7.863716
7.7346253
7.728079
7.6121798
7.5622206
7.488202
7.441847
7.3783846
7.3098025
7.2759414
7.2195945
7.1969104
7.129064
7.111872
7.037453
7.018507
6.9437943
6.937805
6.8706045
6.868397
6.806301
6.8071437
6.7476845
6.7446365
6.689049
6.681289
6.6280537
6.6169624
6.572816
6.5594497
6.519074
6.5017147
6.4671645
6.4467497
6.4148154
6.392425
6.364897
6.3412127
6.3156347
6.291767
6.2686753
6.2443495
6.2214403
6.1969566
6.174477
6.150299
6.1280713
6.104871
6.0827866
6.0603647
6.038402
6.0168614
5.9947963
5.9737477
5.951767
5.93123
5.9094124
5.8893003
5.867934
5.848039
5.8269677
5.8071847
5.7865996
5.766826
5.7466984
5.7270184
5.7073784
5.6877775
5.6685696
5.6491156
5.6302443
5.610956
5.5922995
5.573239
5.55481
5.536015
5.517727
5.4992447
5.4811015
5.4629087
5.444885
5.426972
5.4091067
5.3914566
5.3737507
5.3563094
5.3387923
5.3215437
5.304252
5.2871675
5.2700887
5.2531667
5.23631
5.21953
5.2028522
5.1862683
5.1697907
5.1533685
5.1370707
5.1208196
5.104686
5.088618
5.072644
5.0567555
5.040941
5.0252237
5.009569
4.994012
4.9785295
4.9631557
4.947811
4.93257
4.917402
4.9023204
4.887332
4.8723836
4.8575363
4.8427477
4.828046
4.8134065
4.7988544
4.784367
4.769956
4.7556086
4.741331
4.727138
4.7130103
4.698959
4.6849837
4.6710567
4.65721
4.6434245
4.6297174
4.616074
4.602484
4.588977
4.57552
4.5621495
4.5488276
4.535563
4.5223784
4.5092626
4.4961963
4.4832044
4.470275
4.457399
4.4445853
4.4318533
4.4191613
4.4065394
4.3939586
4.3814626
4.3690085
4.3566217
4.3442903
4.3320208
4.3198266
4.30767
4.2955685
4.283516
4.27155
4.2596207
4.2477374
4.2359233
4.224162
4.2124715
4.200807
4.1892147
4.17766
4.1661725
4.154753
4.143354
4.1320434
4.1207714
4.109537
4.0983567
4.087244
4.076174
4.06515
4.054181
4.0432568
4.0324016
4.021573
4.010809
4.0000844
3.9894078
3.9787931
3.9682086
3.9576888
3.9472065
3.9367733
3.9263904
3.9160588
3.9057636
3.8955164
3.8853126
3.8751671
3.8650587
3.8550014
3.8449774
3.835009
3.8250685
3.8152068
3.8053634
3.7955654
3.78581
3.7761028
3.7664382
3.756821
3.7472346
3.7377007
3.7281919
3.718744
3.7093356
3.6999629
3.6906211
3.6813436
3.6721005
3.66288
3.6537054
3.644599
3.635502
3.6264665
3.617445
3.6084762
3.5995452
3.5906565
3.5817878
3.5729825
3.564199
3.5554693
3.5467508
3.5381
3.529476
3.520883
3.5123305
3.5038064
3.4953194
3.4868834
3.478468
3.4701042
3.4617693
3.4534621
3.445197
3.4369476
3.4287534
3.4206045
3.4124923
3.4043882
3.396319
3.3882985
3.3803098
3.3723688
3.3644316
3.3565361
3.3486917
3.340857
3.333065
3.3252914
3.3175704
3.3098664
3.3022044
3.2945714
3.2869747
3.2794034
3.27186
3.2643533
3.2568846
3.2494333
3.2420154
3.234629
3.2272666
3.2199554
3.2126393
3.20538
3.1981432
3.190945
3.183759
3.1766093
3.1694882
3.1624079
3.1553385
3.1483023
3.1412973
3.1343188
3.1273718
3.120458
3.113554
3.1066954
3.099855
3.0930343
3.08627
3.0795
3.0727758
3.0660717
3.0593908
3.0527322
3.0461118
3.0395093
3.0329351
3.0263991
3.0198567
3.0133793
3.0069013
3.0004573
2.9940403
2.9876382
2.9812748
2.974934
2.9686007
2.962311
2.956044
2.9497955
2.9435678
2.9373682
2.9311922
2.9250436
2.918902
2.9128
2.906721
2.9006608
2.8946228
2.8885982
2.8826282
2.876637
2.8707056
2.8647804
2.8588796
2.8530006
2.8471441
2.8413105
2.8355098
2.8297117
2.8239408
2.8181782
2.812461
2.8067622
2.8010743
2.7954104
2.7897787
2.784146
2.7785518
2.7729664
2.7674131
2.7618806
2.756344
2.750852
2.7453754
2.7399216
2.734492
2.7290583
2.723664
2.7182822
2.7129319
2.7075686
2.702254
2.6969683
2.6916716
2.686405
2.6811552
2.6759307
2.670723
2.6655421
2.6603656
2.6552098
2.6500802
2.6449556
2.6398685
2.6347814
2.6297176
2.6246738
2.6196408
2.6146395
2.609641
2.6046758
2.5997045
2.5947638
2.5898473
2.5849416
2.580051
2.5751708
2.570319
2.5654883
2.5606616
2.5558581
2.5510588
2.5462897
2.5415354
2.5368013
2.5320675
2.5273716
2.5226645
