3.7360182
3.7367022
3.7373555
3.7342277
3.7314897
3.7304082
3.7312925
3.7317083
3.7306063
3.7297485
3.729839
3.730088
3.7298076
3.7290716
3.7283683
3.7281022
3.7280965
3.7277706
3.727061
3.726412
3.7260146
3.7256732
3.7251654
3.7244575
3.7236962
3.7230892
3.7227287
3.722496
3.7222283
3.7218983
3.7215197
3.7211087
3.720764
3.7205775
3.720525
3.7205086
3.72042
3.7201843
3.7198877
3.7197192
3.7196982
3.7196352
3.7194207
3.719159
3.7189841
3.7188942
3.7188008
3.7186558
3.7184784
3.7183208
3.7182186
3.718142
3.7180257
3.7178633
3.7177083
3.7175853
3.7174695
3.717334
3.7171748
3.7170086
3.7168589
3.7167182
3.7165577
3.7163794
3.7162056
3.7160428
3.7158835
3.7157142
3.7155383
3.71537
3.7152035
3.7150328
3.7148504
3.7146654
3.7144837
3.7143009
3.7141132
3.7139204
3.7137284
3.7135336
3.7133334
3.713125
3.7129128
3.7127001
3.712481
3.7122552
3.712024
3.711788
3.7115426
3.7112863
3.7110224
3.7107494
3.7104647
3.7101686
3.709859
3.709532
3.709186
3.708816
3.7084181
3.7079875
3.707514
3.7069879
3.7063928
3.7057092
3.7049105
3.7039833
3.702936
3.701825
3.7003126
3.6978118
3.6954896
3.6935282
3.6916924
3.691518
3.6926036
3.692235
3.6909156
3.6898446
3.688656
3.688341
3.6887138
3.6887321
3.6920934
3.6932535
3.6871374
3.687726
3.6882188
3.6853442
3.687945
3.6847901
3.6870325
3.6845663
3.686001
3.683895
3.6849146
3.683549
3.6840622
3.683122
3.6831841
3.6828992
3.6823723
3.6824722
3.6815424
3.681931
3.6810346
3.6809988
3.6807408
3.68014
3.6802945
3.6795433
3.6794834
3.679264
3.6786642
3.678555
3.6783173
3.677738
3.6775892
3.677387
3.6768777
3.6765318
3.6763482
3.6760275
3.6755219
3.6751723
3.6749256
3.674588
3.6741412
3.6737022
3.673371
3.6730318
3.6726213
3.6721568
3.671702
3.6713042
3.6709044
3.670466
3.6699862
3.66948
3.6689773
3.6684756
3.6679769
3.6674795
3.6669798
3.666499
3.666074
3.6657786
3.6658232
3.6662927
3.6673284
3.6664953
3.6640298
3.662177
3.663104
3.6637886
3.661477
3.6602035
3.6609492
3.6604872
3.6589527
3.658277
3.6586196
3.6584036
3.6570148
3.656388
3.6565921
3.6562104
3.6552837
3.6544104
3.6541562
3.6541243
3.653642
3.6529307
3.6520655
3.6514342
3.6510472
3.6508064
3.6507764
3.6507618
3.6513274
3.6512005
3.6515734
3.6499763
3.6486456
3.6472704
3.6467144
3.6468353
3.647487
3.6493316
3.6500409
3.6509976
3.6469696
3.6447537
3.6454446
3.6473238
3.6497133
3.6454606
3.6441996
3.6465406
3.6459885
3.6441462
3.6427352
3.6440656
3.644836
3.6422234
3.6428454
3.6449
3.6421263
3.6415482
3.6429157
3.641268
3.6408134
3.6418936
3.6406016
3.640367
3.6419148
3.6422539
3.6418211
3.642588
3.6388326
3.6392698
3.641565
3.641478
3.6451805
3.639389
3.639681
3.6413631
3.6382046
3.6392121
3.637912
3.6407294
3.6388757
3.6369867
3.6382477
3.6379633
3.6378672
3.6347897
3.6351295
3.6359818
3.6353683
3.634872
3.633116
3.6333034
3.6340168
3.633563
3.6335828
3.6342702
3.632341
3.6315207
3.6307406
3.6295004
3.6288185
3.6289306
3.6287093
3.6276696
3.62824
3.6375055
3.6844394
3.6399014
3.6695135
3.6687856
3.6522944
3.6728194
3.6519237
3.6450741
3.6562808
3.6506975
3.6579845
3.6409466
3.64338
3.647169
3.6453087
3.6367843
3.6374276
3.6383774
3.631738
3.6423342
3.6308637
3.6331048
3.6320634
3.6329057
3.6299105
3.6327362
3.6314983
3.629054
3.628699
3.6292543
3.628542
3.627505
3.6280432
3.625486
3.6270075
3.6256309
3.6252003
3.625061
3.6238794
3.6235662
3.6231391
3.622988
3.6219695
3.621205
3.6214828
3.6201973
3.6200204
3.6191647
3.6188412
3.617993
3.617808
3.6168432
3.616289
3.6159308
3.6154633
3.6147811
3.6138728
3.6134317
3.613109
3.6128066
3.61323
3.6184747
3.643054
3.707195
3.6385148
3.6740031
3.674433
3.6517396
3.655117
3.6418824
3.6390924
3.6420622
3.6363978
3.6312788
3.623167
3.6292696
3.6343572
3.6248085
3.6273072
3.6233506
3.6253324
3.6218479
3.6234982
3.6205878
3.621246
3.6212537
3.6199663
3.6206715
3.6186633
3.6190248
3.6163437
3.6196089
3.6155653
3.6168244
3.6154356
3.6160095
3.6153762
3.6146595
3.6144176
3.6130435
3.61435
3.6127155
3.6121376
3.612638
3.6115403
3.6117482
3.6110458
3.6101804
3.6104612
3.6101906
3.6090896
3.6090918
3.6090724
3.6087368
3.6084208
3.6078057
3.6075778
3.6074936
3.6071265
3.6070678
3.6073673
3.608793
3.6176167
3.6517224
3.7021384
3.6473746
3.659244
3.6762772
3.6620085
3.6392014
3.6425261
3.635995
3.6309552
3.635957
3.6313827
3.6185157
3.6260934
3.6241224
3.6245673
3.6244113
3.6225688
3.6167512
3.6223998
3.6208634
3.618916
3.617948
3.6181505
3.6158988
3.6172552
3.6181529
3.6178808
3.6152692
3.6154335
3.6153142
3.6149676
3.6146245
3.613944
3.6129205
3.6130917
3.6128216
3.6127431
3.6121995
3.6114707
3.6110618
3.6108184
3.6106029
3.6099598
3.6091392
3.6093495
3.6089082
3.6083884
3.608129
3.6077695
3.6076126
3.6074922
3.607265
3.6071193
3.6068728
3.6066003
3.6065376
3.6064024
3.6061811
3.6060295
3.6058412
3.6056666
3.6055298
3.6053596
3.6052055
3.60506
3.604918
3.6047816
3.6046636
3.6045244
3.604372
3.6042566
3.6041276
3.6040156
3.6038854
3.6037552
3.6036541
3.6035342
3.60343
3.6033137
3.603196
3.6030836
3.602969
3.6028616
3.6027548
3.6026385
3.6025286
3.6024117
3.6023037
3.6021883
3.6020734
3.6019564
3.6018398
3.6017232
3.6016035
3.6014848
3.601364
3.6012414
3.6011176
3.6009924
3.6008663
3.6007392
3.6006117
3.6004817
3.6003509
3.600217
3.6000845
3.5999494
3.599813
3.5996757
3.5995357
3.5993953
3.5992525
3.599109
3.5989637
3.598817
3.5986686
3.5985184
3.5983667
3.5982132
3.5980577
3.5979006
3.597742
3.5975811
3.5974188
3.5972543
3.5970879
3.5969193
3.5967493
3.5965762
3.5964022
3.596226
3.5960474
3.5958667
3.5956838
3.5954993
3.5953124
3.5951235
3.594932
3.594739
3.5945463
3.594358
3.5942082
3.5942905
3.5958254
3.606724
3.662186
3.728462
3.6146336
3.6686378
3.6669476
3.648768
3.6413474
3.641398
3.6334271
3.6094432
3.6281033
3.6265237
3.6109922
3.6189735
3.6146028
3.6102076
3.6149461
3.6161077
3.6117625
3.6076388
3.6085334
3.608825
3.6059022
3.6081793
3.6089113
3.6039722
3.6037185
3.6046698
3.6021717
3.603958
3.6049542
3.6019979
3.6014917
3.6017313
3.599658
3.6005888
3.6010642
3.599481
3.5994952
3.5989969
3.597966
3.598262
3.5980856
3.5972347
3.5971713
3.5966501
3.59599
3.5961728
3.595709
3.5952206
3.5952363
3.5951157
3.5946636
3.5944772
3.5945323
3.5943754
3.5940964
3.5939634
3.593853
3.5936182
3.5933836
3.5932527
3.5931451
3.5929728
3.592798
3.5926998
3.5925655
3.5923572
3.592222
3.5921173
3.5919373
3.5917885
3.5916924
3.5915408
3.5913854
3.591274
3.5911427
3.5909972
3.5908773
3.590761
3.5906289
3.5905004
3.590387
3.5902603
3.5901308
3.5900211
3.5899024
3.5897794
3.5896728
3.5895572
3.5894382
3.589329
3.5892143
3.5890996
3.58899
3.5888805
3.5887685
3.58866
3.5885534
3.588442
3.5883355
3.5882287
3.58812
3.588015
3.5879095
3.587803
3.5876987
3.5875943
3.587489
3.5873861
3.5872822
3.5871787
3.587077
3.5869746
3.5868723
3.5867717
3.5866704
3.5865703
3.5864697
3.5863702
3.5862715
3.5861726
3.5860748
3.5859773
3.58588
3.5857835
3.5856876
3.5855918
3.585497
3.5854027
3.5853086
3.5852158
3.5851235
3.5850315
3.5849407
3.5848494
3.58476
3.584671
3.584582
3.5844944
3.5844073
3.584321
3.5842354
3.5841508
3.5840662
3.5839837
3.583901
3.5838194
3.583738
3.5836575
3.5835786
3.5835004
3.5834224
3.583346
3.5832703
3.5831947
3.5831208
3.5830474
3.582975
3.5829031
3.582832
3.582763
3.5826936
3.5826254
3.582558
3.5824914
3.5824258
3.5823607
3.582297
3.5822344
3.5821722
3.582111
3.5820506
3.581991
3.581932
3.581874
3.5818167
3.5817604
3.581705
3.5816505
3.5815966
3.5815437
3.581491
3.5814397
3.5813892
3.5813391
3.5812898
3.5812411
3.581193
3.5811462
3.5811
3.5810547
3.5810096
3.5809655
3.5809216
3.580879
3.580837
3.5807953
3.5807545
3.580714
3.5806742
3.5806348
3.5805972
3.5805585
3.5805218
3.5804849
3.5804486
3.5804129
3.5803778
3.580343
3.580309
3.5802753
3.5802422
3.580209
3.5801773
3.5801458
3.5801141
3.5800834
3.5800526
3.5800226
3.5799932
3.5799637
3.5799348
3.5799062
3.579878
3.5798512
3.5798233
3.5797966
3.5797698
3.5797434
3.5797174
3.5796921
3.5796666
3.579641
3.5796165
3.5795922
3.579568
3.5795443
3.5795205
3.5794964
3.579474
3.5794504
3.5794277
3.5794058
3.5793831
3.5793612
3.57934
3.579318
3.5792968
3.5792758
3.5792549
3.5792344
3.5792139
3.5791936
3.5791733
3.5791538
3.579134
3.5791144
3.579095
3.5790758
3.5790567
3.579038
3.5790188
3.5790007
3.5789819
3.5789638
3.5789454
3.578928
3.57891
3.5788922
3.578875
3.5788577
3.5788405
3.578823
3.578806
3.5787892
3.5787725
3.5787556
3.5787396
3.578723
3.5787067
3.578691
3.5786748
3.5786588
3.578643
3.5786276
3.5786114
3.5785959
3.5785809
3.5785654
3.5785503
3.5785356
3.5785203
3.5785058
3.5784905
3.5784767
3.5784614
3.578447
3.5784328
3.5784185
3.5784042
3.5783901
3.5783763
3.578362
3.5783482
3.5783343
3.578321
3.5783072
3.5782933
3.5782802
3.5782664
3.5782535
3.5782404
3.578227
3.5782142
3.5782013
3.5781882
3.5781755
3.578163
3.5781503
3.5781376
3.5781252
3.5781124
3.5781
3.5780876
3.5780752
3.5780635
3.578051
3.5780392
3.578027
3.5780153
3.578003
3.5779915
3.57798
3.5779681
3.5779564
3.577945
3.5779335
3.577922
3.577911
3.5778992
3.5778878
3.577877
3.5778658
3.5778546
3.5778434
3.577833
3.5778217
3.5778108
3.5778
3.5777893
3.5777786
3.5777678
3.5777574
3.577747
3.5777361
3.577726
3.5777156
3.5777051
3.5776947
3.5776849
3.5776744
3.577664
3.5776541
3.5776439
3.5776339
3.5776246
3.5776143
3.5776043
3.5775948
3.5775847
3.5775747
3.5775652
3.5775554
3.577546
3.5775363
3.577527
3.577518
3.577508
3.5774987
3.5774891
3.5774798
3.5774705
3.5774615
3.5774524
3.5774426
3.5774343
3.5774248
3.5774157
3.5774066
3.577398
3.5773888
3.57738
3.5773711
3.5773623
3.5773532
3.5773447
3.5773363
3.5773273
3.577319
3.5773096
3.5773015
3.577293
3.5772843
3.577276
3.5772672
3.5772588
3.5772502
3.577242
3.577234
3.577226
3.5772173
3.5772092
3.5772014
3.5771928
3.5771847
3.5771768
3.5771685
3.5771606
3.5771525
3.5771444
3.5771363
3.5771282
3.5771208
3.577113
3.5771053
3.5770967
3.577089
3.5770812
3.5770738
3.577066
3.5770583
3.5770507
3.577043
3.5770354
