0.0020649882
7.2302856
0.4355572
1.6295058
4.049889
3.2936344
1.2384166
0.1656636
0.714976
1.7263817
1.8661582
1.1262252
0.35275885
0.17117746
0.5187138
0.8953812
0.9161147
0.6009983
0.24745356
0.12412444
0.2544021
0.43744192
0.46801597
0.32551274
0.15184252
0.0861245
0.14261693
0.2273085
0.24457537
0.17979911
0.09409965
0.055699408
0.07815014
0.118261494
0.12684554
0.09499793
0.0536194
0.036142636
0.047093134
0.064559
0.06612399
0.049101233
0.029080726
0.021869821
0.02847208
0.03669519
0.03511727
0.024280893
0.014213698
0.012820156
0.018194143
0.02186419
0.018363327
0.010772175
0.006484053
0.008528909
0.012541647
0.012490865
0.0079091005
0.0038264738
0.0041391905
0.007082892
0.008010079
0.0054138675
0.00238819
0.002198831
0.004137091
0.004949045
0.0033656207
0.0014448888
0.0013853027
0.0026290806
0.0030213704
0.0019305026
0.000833041
0.0009795517
0.0017419626
0.0018003936
0.001060216
0.00053990004
0.00076003314
0.0011348028
0.0010152889
0.00058451836
0.0004192867
0.00059632194
0.0007141223
0.00056174403
0.00035940466
0.00034146092
0.00043550567
0.00044335498
0.0003400123
0.00025593454
0.00026454186
0.0003060195
0.000294278
0.0002313444
0.0001881741
0.00020345878
0.00023102137
0.00021087161
0.0001614158
0.00014651049
0.00017328486
0.00018292562
0.00015100585
0.00012241107
0.00013464456
0.0001543993
0.00014002368
0.00011305252
0.00011391473
0.00013220149
0.0001282181
0.00010807247
0.00010297162
0.00011582894
0.000117752774
0.00010537734
9.803953e-05
0.00010498304
0.000108942724
0.0001026422
9.645746e-05
9.8624616e-05
0.00010176635
9.957547e-05
9.5811934e-05
9.549579e-05
9.7112956e-05
9.666149e-05
9.486266e-05
9.399093e-05
9.433087e-05
9.439508e-05
9.379783e-05
9.310524e-05
9.283437e-05
9.286781e-05
9.264669e-05
9.223431e-05
9.200001e-05
9.190958e-05
9.179026e-05
9.157626e-05
9.144082e-05
9.136543e-05
9.123443e-05
9.098994e-05
9.087956e-05
9.105539e-05
9.0939386e-05
9.073038e-05
9.056233e-05
9.052271e-05
9.05773e-05
9.051546e-05
9.0266454e-05
9.0291964e-05
9.019182e-05
9.016971e-05
9.008514e-05
8.9984984e-05
8.9976216e-05
9.0026966e-05
8.9902846e-05
8.9893445e-05
8.986591e-05
8.989614e-05
8.981569e-05
8.9690104e-05
8.980318e-05
8.968002e-05
8.9722904e-05
8.968613e-05
8.9595e-05
8.957892e-05
8.9594585e-05
8.9547684e-05
8.94472e-05
8.9455825e-05
8.9425615e-05
8.9360256e-05
8.933161e-05
8.929437e-05
8.9285524e-05
8.912087e-05
8.91614e-05
8.915961e-05
8.916871e-05
8.918104e-05
8.9105444e-05
8.912746e-05
8.909514e-05
8.908684e-05
8.9075234e-05
8.905583e-05
8.898923e-05
8.892854e-05
8.894076e-05
8.886124e-05
8.8832094e-05
8.888223e-05
8.8833025e-05
8.880306e-05
8.8744986e-05
8.862696e-05
8.866641e-05
8.862095e-05
8.868778e-05
8.856735e-05
8.860215e-05
8.853251e-05
8.854523e-05
8.851556e-05
8.854407e-05
8.8533e-05
8.850564e-05
8.8448534e-05
8.84503e-05
8.836185e-05
8.829501e-05
8.832207e-05
8.8289096e-05
8.8333625e-05
8.8309826e-05
8.832922e-05
8.827337e-05
8.823097e-05
8.824824e-05
8.814986e-05
8.814389e-05
8.809277e-05
8.808122e-05
8.80708e-05
8.806376e-05
8.8000095e-05
8.8069806e-05
8.807513e-05
8.801633e-05
8.7976245e-05
8.797087e-05
8.790518e-05
8.788724e-05
8.789336e-05
8.788859e-05
8.7840104e-05
8.7813634e-05
8.782015e-05
8.771038e-05
8.776955e-05
8.7760716e-05
8.777117e-05
8.774716e-05
8.774071e-05
8.771095e-05
8.765125e-05
8.757539e-05
8.764698e-05
8.755283e-05
8.7615495e-05
8.7595894e-05
8.752059e-05
8.752696e-05
8.747213e-05
8.74302e-05
8.7449844e-05
8.742113e-05
8.741116e-05
8.74154e-05
8.735579e-05
8.73859e-05
8.737863e-05
8.735576e-05
8.739229e-05
8.736192e-05
8.726631e-05
8.726431e-05
8.7258624e-05
8.723231e-05
8.724015e-05
8.7226894e-05
8.730162e-05
8.724677e-05
8.7235116e-05
8.729326e-05
8.725316e-05
8.729112e-05
8.7090666e-05
8.7120985e-05
8.713711e-05
8.7097746e-05
8.708211e-05
8.704187e-05
8.7089764e-05
8.706505e-05
8.702872e-05
8.691133e-05
8.691903e-05
8.690979e-05
8.692157e-05
8.698049e-05
8.694521e-05
8.696083e-05
8.6897366e-05
8.6948494e-05
8.6946486e-05
8.6941036e-05
8.686286e-05
8.680763e-05
8.694213e-05
8.6887165e-05
8.69259e-05
8.6883614e-05
8.6830616e-05
8.67773e-05
8.6750704e-05
8.67798e-05
8.670311e-05
8.669382e-05
8.663057e-05
8.6684566e-05
8.664133e-05
8.6666725e-05
8.666187e-05
8.6562846e-05
8.655739e-05
8.656956e-05
8.6585955e-05
8.658448e-05
8.6511085e-05
8.651979e-05
8.645056e-05
8.644133e-05
8.643496e-05
8.6440334e-05
8.638836e-05
8.638165e-05
8.635282e-05
8.621519e-05
8.625965e-05
8.630328e-05
8.6245585e-05
8.628592e-05
8.631606e-05
8.630708e-05
8.628243e-05
8.629229e-05
8.625054e-05
8.626267e-05
8.628322e-05
8.6214946e-05
8.6210566e-05
8.621831e-05
8.623222e-05
8.608807e-05
8.611704e-05
8.616717e-05
8.6095235e-05
8.605952e-05
8.6052925e-05
8.597904e-05
8.60325e-05
8.6002976e-05
8.607927e-05
8.605429e-05
8.6142245e-05
8.605574e-05
8.608996e-05
8.605095e-05
8.604462e-05
8.604072e-05
8.594895e-05
8.5959495e-05
8.5868516e-05
8.604741e-05
8.589413e-05
8.587168e-05
8.582336e-05
8.582934e-05
8.584413e-05
8.587949e-05
8.5853804e-05
8.5792715e-05
8.577592e-05
8.5712774e-05
8.57798e-05
8.572359e-05
8.578993e-05
8.565999e-05
8.572354e-05
8.569343e-05
8.567662e-05
8.566395e-05
8.560525e-05
8.5637344e-05
8.56175e-05
8.5617394e-05
8.56163e-05
8.56349e-05
8.565766e-05
8.558894e-05
8.5564134e-05
8.549249e-05
8.5591506e-05
8.5507614e-05
8.556401e-05
8.551427e-05
8.5515414e-05
8.554778e-05
8.548526e-05
8.554432e-05
8.55348e-05
8.552577e-05
8.549804e-05
8.545104e-05
8.552569e-05
8.542744e-05
8.548333e-05
8.543782e-05
8.546267e-05
8.548032e-05
8.533793e-05
8.547972e-05
8.5387306e-05
8.546358e-05
8.5370666e-05
8.539948e-05
8.533228e-05
8.5340245e-05
8.535286e-05
8.531056e-05
8.533714e-05
8.528305e-05
8.529126e-05
8.531017e-05
8.5274536e-05
8.528879e-05
8.5281834e-05
8.527099e-05
8.5229476e-05
8.5234315e-05
8.5238375e-05
8.520296e-05
8.515606e-05
8.5222906e-05
8.510026e-05
8.515506e-05
8.519437e-05
8.5071464e-05
8.517536e-05
8.507826e-05
8.503808e-05
8.5027e-05
8.494394e-05
8.508877e-05
8.507816e-05
8.5057e-05
8.506769e-05
8.500847e-05
8.503888e-05
8.5061336e-05
8.4987405e-05
8.4932326e-05
8.4920524e-05
8.489865e-05
8.4897394e-05
8.488665e-05
8.493351e-05
8.4957166e-05
8.494093e-05
8.493673e-05
8.490706e-05
8.490708e-05
8.4937936e-05
8.4906824e-05
8.487387e-05
8.48641e-05
8.485711e-05
8.479716e-05
8.4755164e-05
8.4729756e-05
8.4725485e-05
8.4733256e-05
8.47401e-05
8.470341e-05
8.469802e-05
8.4656356e-05
8.471285e-05
8.4660045e-05
8.463717e-05
8.45598e-05
8.4574065e-05
8.467967e-05
8.459916e-05
8.458088e-05
8.470369e-05
8.461298e-05
8.460821e-05
8.4569794e-05
8.4689076e-05
8.4615625e-05
8.459047e-05
8.460463e-05
8.455501e-05
8.456253e-05
8.451091e-05
8.447428e-05
8.454308e-05
8.460679e-05
8.455551e-05
8.455445e-05
8.461855e-05
8.454553e-05
8.45511e-05
8.453888e-05
8.4525804e-05
8.445122e-05
8.444242e-05
8.440031e-05
8.4429164e-05
8.443146e-05
8.4364474e-05
8.4341555e-05
8.4317384e-05
8.4372135e-05
8.434356e-05
8.439023e-05
8.435835e-05
8.436271e-05
8.430916e-05
8.4414845e-05
8.4353225e-05
8.425695e-05
8.429414e-05
8.431091e-05
8.4322404e-05
8.4274085e-05
8.427247e-05
8.431376e-05
8.421191e-05
8.4301224e-05
8.428908e-05
8.4208565e-05
8.415642e-05
8.4149986e-05
8.416174e-05
8.418552e-05
8.427428e-05
8.416624e-05
8.41584e-05
8.425187e-05
8.425706e-05
8.430351e-05
8.4286745e-05
8.426322e-05
8.4214196e-05
8.416476e-05
8.421021e-05
8.4191335e-05
8.422729e-05
8.4181345e-05
8.4124054e-05
8.4219035e-05
8.4226755e-05
8.416116e-05
8.415037e-05
8.41234e-05
8.4139225e-05
8.4049505e-05
8.405672e-05
8.4001455e-05
8.406833e-05
8.410386e-05
8.402831e-05
8.405001e-05
8.409572e-05
8.40326e-05
8.4019775e-05
8.400643e-05
8.399039e-05
8.3912855e-05
8.392624e-05
8.397529e-05
8.3979794e-05
8.401758e-05
8.3946754e-05
8.3994e-05
8.4004285e-05
8.3961655e-05
8.3998915e-05
8.396259e-05
8.395073e-05
8.3935396e-05
8.3957915e-05
8.3978455e-05
8.394885e-05
8.3941224e-05
8.385152e-05
8.386285e-05
8.390995e-05
8.378521e-05
8.3785e-05
8.383376e-05
8.377798e-05
8.381613e-05
8.387099e-05
8.382938e-05
8.383015e-05
8.376348e-05
8.376705e-05
8.380737e-05
8.378371e-05
8.373894e-05
8.369291e-05
8.370842e-05
8.36257e-05
8.364838e-05
8.371176e-05
8.3730185e-05
8.367574e-05
8.375128e-05
8.3677165e-05
8.370643e-05
8.362695e-05
8.365939e-05
8.3645704e-05
8.366789e-05
8.365298e-05
8.369685e-05
8.3690196e-05
8.37113e-05
8.3682775e-05
8.359982e-05
8.36445e-05
8.355237e-05
8.3611405e-05
8.361371e-05
8.353342e-05
8.351239e-05
8.359768e-05
8.3489314e-05
8.3537445e-05
8.353617e-05
8.346389e-05
8.354855e-05
8.3523555e-05
8.350462e-05
8.34885e-05
8.3615516e-05
8.3558305e-05
8.354868e-05
8.355238e-05
8.3533465e-05
8.354257e-05
8.350612e-05
8.349501e-05
8.3424085e-05
8.34628e-05
8.34895e-05
8.3454266e-05
8.35173e-05
8.346342e-05
8.3492574e-05
8.3439656e-05
8.341608e-05
8.340438e-05
8.341526e-05
8.3391504e-05
8.3427134e-05
8.341039e-05
8.339347e-05
8.339378e-05
8.3432395e-05
8.3461855e-05
8.347004e-05
8.350507e-05
8.3624625e-05
8.383627e-05
8.415519e-05
8.4756764e-05
8.59926e-05
8.877117e-05
9.460629e-05
0.00010668591
0.00013269136
0.00018702234
0.00029655834
0.00049511646
0.0007925797
0.0010904091
0.0011581304
0.00083261594
0.00033103736
8.613118e-05
0.0002479189
0.0005433064
0.00060808955
0.0003739413
0.0001213658
0.000116509305
0.00029496185
0.00039270546
0.00028842245
0.00012425338
9.206086e-05
0.00019148679
0.00026558002
0.00021812
0.00011710645
8.5259926e-05
0.00013989332
0.00019152978
0.00017224124
0.00011126317
8.317968e-05
0.00011015481
0.00014510368
0.00014151463
0.00010663232
8.3629326e-05
9.374216e-05
0.0001159767
0.00012016858
0.00010272491
8.5247026e-05
8.563543e-05
9.8260316e-05
0.0001054824
9.905716e-05
8.751794e-05
8.313622e-05
8.799556e-05
9.4426665e-05
9.4580515e-05
8.8906185e-05
8.371506e-05
8.3618404e-05
8.749291e-05
8.9951965e-05
8.869095e-05
8.519081e-05
8.297401e-05
8.366468e-05
8.551137e-05
8.63559e-05
8.5551896e-05
8.3789535e-05
8.286738e-05
8.336932e-05
8.435979e-05
8.47538e-05
8.431402e-05
8.342478e-05
8.287991e-05
8.308519e-05
8.363197e-05
8.386432e-05
8.352523e-05
8.316169e-05
8.282301e-05
8.293707e-05
8.31842e-05
8.342642e-05
8.336822e-05
8.306593e-05
8.2866165e-05
8.2869374e-05
8.298147e-05
8.306697e-05
8.3049876e-05
8.295604e-05
8.2780156e-05
8.2775696e-05
8.283164e-05
8.2854465e-05
8.2912324e-05
8.2841165e-05
8.281446e-05
8.274665e-05
8.2756436e-05
8.2857456e-05
8.290064e-05
8.2872015e-05
8.286428e-05
8.278269e-05
8.2693965e-05
8.264713e-05
8.2715706e-05
8.276303e-05
8.2752995e-05
8.275072e-05
8.2707644e-05
8.265397e-05
8.271133e-05
8.2664796e-05
8.269733e-05
8.266119e-05
8.260275e-05
8.26529e-05
8.256514e-05
8.253912e-05
8.252341e-05
8.257666e-05
8.2551225e-05
8.251237e-05
8.2590195e-05
8.2502054e-05
8.248336e-05
8.246125e-05
8.254022e-05
8.256226e-05
8.256716e-05
8.251773e-05
8.260355e-05
8.253996e-05
8.243122e-05
8.247964e-05
8.250931e-05
8.2531296e-05
8.2578e-05
8.246717e-05
8.258355e-05
8.257576e-05
8.249148e-05
8.25233e-05
8.254e-05
8.2469094e-05
8.23957e-05
8.2453014e-05
8.243935e-05
8.2421204e-05
8.240789e-05
8.235709e-05
8.241391e-05
8.243987e-05
8.239958e-05
8.231866e-05
8.234361e-05
8.2366845e-05
8.238093e-05
8.2298095e-05
8.23745e-05
8.245132e-05
8.2401835e-05
8.2323364e-05
8.24058e-05
8.234763e-05
8.236352e-05
8.2341656e-05
8.2350714e-05
8.228227e-05
8.2281935e-05
8.236916e-05
8.231104e-05
8.229492e-05
8.228732e-05
8.228731e-05
8.226408e-05
8.224767e-05
8.22847e-05
8.221091e-05
8.222929e-05
8.227053e-05
8.227281e-05
8.2218154e-05
8.225058e-05
8.23539e-05
8.237327e-05
8.246446e-05
8.270707e-05
8.319168e-05
8.408138e-05
8.595001e-05
9.003715e-05
9.882446e-05
0.00011815652
0.00015997898
0.00025164426
0.0004499624
0.00087154633
0.001713466
0.003195594
0.0051853447
0.006683366
0.0062432066
0.004050604
0.0020513544
0.0014466079
0.0016592772
0.001898285
0.0021073183
0.0022475803
0.0018425073
0.0008857236
0.00038409262
0.000944723
0.0016713372
0.0014105005
0.00046386058
9.826881e-05
0.0006169588
0.0010620612
0.00078812806
0.00029143292
0.00022444128
0.0004578971
0.00052547123
0.00038076172
0.00029457212
0.0003224095
0.00030107965
0.00021071984
0.00019707835
0.00028436555
0.00031129783
0.00020205147
9.7465716e-05
0.0001302117
0.00022847035
0.00023873812
0.00015082421
8.902197e-05
0.00011575338
0.00016284778
0.00015873706
0.00012294899
0.00010820808
0.00011761967
0.0001190701
0.00010617386
0.00010103924
0.00011134935
0.00011762261
0.00010520688
8.7336855e-05
8.557726e-05
9.932324e-05
0.000108297805
0.000100593476
8.7065935e-05
8.3611034e-05
9.001043e-05
9.464169e-05
9.202515e-05
8.7445485e-05
8.68422e-05
8.853669e-05
8.778448e-05
8.4941705e-05
8.370927e-05
8.55039e-05
8.79063e-05
8.715659e-05
8.392275e-05
8.185331e-05
8.261834e-05
8.424588e-05
8.500787e-05
8.398279e-05
8.272324e-05
8.25406e-05
8.304782e-05
8.3130886e-05
8.2557126e-05
8.198572e-05
8.213348e-05
8.256149e-05
8.275644e-05
8.2325656e-05
8.17806e-05
8.164125e-05
8.193504e-05
8.222718e-05
8.2132334e-05
8.187965e-05
8.1727e-05
8.178953e-05
8.188386e-05
8.1886144e-05
8.169037e-05
8.164302e-05
8.167157e-05
8.1883045e-05
8.187978e-05
8.1739985e-05
8.162621e-05
8.16711e-05
8.163691e-05
8.170175e-05
8.176593e-05
8.1704384e-05
8.167005e-05
8.16265e-05
8.166466e-05
8.165808e-05
8.163658e-05
8.149457e-05
8.161399e-05
